-102
600
0
999
-102
-102
600
1
999
-102
-102
600
2
999
-102
-102
600
3
999
-102
-102
600
4
999
-102
-102
600
5
999
-102
-102
600
6
999
-102
-102
600
7
999
-102
-102
600
8
999
-102
-102
600
9
999
-102
-102
600
10
999
-102
-102
600
11
999
-102
-102
600
12
999
-102
-102
600
13
999
-102
-102
600
14
999
-102
-102
600
15
999
-102
-102
600
16
999
-102
-102
600
17
999
-102
-102
600
18
999
-102
-102
600
19
999
-102
-102
600
20
999
-102
-102
600
21
999
-102
-102
600
22
999
-102
-102
600
23
999
-102
-102
600
24
999
-102
-102
600
25
999
-102
-102
600
26
999
-102
-102
600
27
999
-102
-102
600
28
999
-102
-102
600
29
999
-102
-102
600
30
999
-102
-102
600
31
999
-102
-102
600
32
999
-102
-102
600
33
999
-102
-102
600
34
999
-102
-102
600
35
999
-102
-102
600
36
999
-102
-102
600
37
999
-102
-102
600
38
999
-102
-102
600
39
999
-102
-102
600
40
999
-102
-102
600
41
999
-102
-102
600
42
999
-102
-102
600
43
999
-102
-102
600
44
999
-102
-102
600
45
999
-102
-102
600
46
999
-102
-102
600
47
999
-102
-102
600
48
999
-102
-164
375
-1
-164
-101
359
8
-1
48
999
-101
-164
372
-1
-164
-101
352
7
-1
47
999
-101
-164
373
-1
-164
-101
343
9
-1
46
999
-101
-164
371
-1
-164
-101
337
6
-1
45
999
-101
-164
374
-1
-164
-101
329
8
-1
44
999
-101
-164
372
-1
-164
-101
321
8
-1
43
999
-101
-164
372
-1
-164
-101
313
8
-1
42
999
-101
-164
372
-1
-164
-101
305
8
-1
41
999
-101
-164
372
-1
-164
-101
297
8
-1
40
999
-101
-164
372
-1
-164
-101
290
7
-1
39
999
-101
-164
373
-1
-164
-101
283
7
-1
38
999
-101
-164
373
-1
-164
-101
276
7
-1
37
999
-101
-164
373
-1
-164
-101
270
6
-1
36
999
-101
-164
374
-1
-164
-101
264
6
-1
35
999
-101
-164
374
-1
-164
-101
258
6
-1
34
999
-101
-164
374
-1
-164
-101
252
6
-1
33
999
-101
-164
374
-1
-164
-101
244
8
-1
32
999
-101
-164
372
-1
-164
-101
236
8
-1
31
999
-101
-164
372
-1
-164
-101
228
8
-1
30
999
-101
-164
372
-1
-164
-101
220
8
-1
29
999
-101
-164
372
-1
-164
-101
213
7
-1
28
999
-101
-164
373
-1
-164
-101
206
7
-1
27
999
-101
-164
373
-1
-164
-101
200
6
-1
26
999
-101
-164
374
-1
-164
-101
194
6
-1
25
999
-101
-164
374
-1
-164
-101
188
6
-1
24
999
-101
-164
374
-1
-164
-101
180
8
-1
23
999
-101
-164
372
-1
-164
-101
172
8
-1
22
999
-101
-164
372
-1
-164
-101
164
8
-1
21
999
-101
-164
372
-1
-164
-101
157
7
-1
20
999
-101
-164
373
-1
-164
-101
150
7
-1
19
999
-101
-164
373
-1
-164
-101
143
7
-1
18
999
-101
-164
373
-1
-164
-101
136
7
-1
17
999
-101
-164
373
-1
-164
-101
127
9
-1
16
999
-101
-164
371
-1
-164
-101
119
8
-1
15
999
-101
-164
372
-1
-164
-101
111
8
-1
14
999
-101
-164
372
-1
-164
-101
103
8
-1
13
999
-101
-164
372
-1
-164
-101
96
7
-1
12
999
-101
-164
373
-1
-164
-101
89
7
-1
11
999
-101
-164
373
-1
-164
-101
81
8
-1
10
999
-101
-164
372
-1
-164
-101
73
8
-1
9
999
-101
-164
372
-1
-164
-101
65
8
-1
8
999
-101
-164
372
-1
-164
-101
57
8
-1
7
999
-101
-164
372
-1
-164
-101
49
8
-1
6
999
-101
-164
372
-1
-164
-101
41
8
-1
5
999
-101
-164
372
-1
-164
-101
33
8
-1
4
999
-101
-164
372
-1
-164
-101
25
8
-1
3
999
-101
-164
372
-1
-164
-101
17
8
-1
2
999
-101
-164
372
-1
-164
-101
9
8
-1
1
999
-101
-164
372
-1
-164
-101
0
9
-1
0
999
-101
-164
371
-1
-164
0
-1
0
